7.34381
14.63225
30.5026
40.73502
72.28
95.5639
117.3366
132.3996
157.1548
185.0277
208.3656
233.0171
258.7
283.5203
380.6095
407.9223
437.9449
467.9344
506.8702
538.2937
608.549
642.242
1129.1485
1197.0815
1270.9673
1348.4228
1422.9871
1509.0259
1596.9242
1678.2068
1764.2635
1845.5684
2077.0655
2150.8599
2231.6909
2358.6696
2391.0666
2524.6495
2682.209
2764.076
6417.0311
6627.1233
6858.1889
7076.7537
7551.7711
7788.51
8111.6599
8310.2191
34289.1279
35176.616
